Age  April 1, 2010	Population Estimates (as of July 1)
Census	Estimates Base	2010	2011
Both Sexes	Male	Female	Both Sexes	Male	Female	Both Sexes	Male	Female	Both Sexes	Male	Female
Total	308,745,538	151,781,326	156,964,212	308,745,538	151,781,326	156,964,212	309,330,219	152,096,341	157,233,878	311,591,917	153,290,819	158,301,098
0	3,944,153	2,014,276	1,929,877	3,944,153	2,014,276	1,929,877	3,953,696	2,020,178	1,933,518	3,996,537	2,043,710	1,952,827
1	3,978,070	2,030,853	1,947,217	3,978,070	2,030,853	1,947,217	3,958,238	2,020,512	1,937,726	3,969,022	2,027,089	1,941,933
2	4,096,929	2,092,198	2,004,731	4,096,929	2,092,198	2,004,731	4,091,045	2,088,874	2,002,171	3,971,760	2,026,999	1,944,761
3	4,119,040	2,104,550	2,014,490	4,119,040	2,104,550	2,014,490	4,112,099	2,101,508	2,010,591	4,102,285	2,094,735	2,007,550
4	4,063,170	2,077,550	1,985,620	4,063,170	2,077,550	1,985,620	4,077,864	2,084,564	1,993,300	4,122,454	2,106,967	2,015,487
5	4,056,858	2,072,094	1,984,764	4,056,858	2,072,094	1,984,764	4,064,834	2,076,694	1,988,140	4,088,149	2,089,887	1,998,262
6	4,066,381	2,075,319	1,991,062	4,066,381	2,075,319	1,991,062	4,073,151	2,079,509	1,993,642	4,074,959	2,081,870	1,993,089
7	4,030,579	2,057,076	1,973,503	4,030,579	2,057,076	1,973,503	4,043,224	2,063,336	1,979,888	4,083,146	2,084,600	1,998,546
8	4,046,486	2,065,453	1,981,033	4,046,486	2,065,453	1,981,033	4,025,719	2,054,613	1,971,106	4,052,957	2,068,403	1,984,554
9	4,148,353	2,119,696	2,028,657	4,148,353	2,119,696	2,028,657	4,125,442	2,107,217	2,018,225	4,034,985	2,059,427	1,975,558
10	4,172,541	2,135,996	2,036,545	4,172,541	2,135,996	2,036,545	4,186,956	2,142,291	2,044,665	4,134,144	2,111,674	2,022,470
11	4,114,415	2,103,264	2,011,151	4,114,415	2,103,264	2,011,151	4,115,400	2,104,920	2,010,480	4,195,505	2,146,783	2,048,722
12	4,106,243	2,100,145	2,006,098	4,106,243	2,100,145	2,006,098	4,113,160	2,103,794	2,009,366	4,124,205	2,109,723	2,014,482
13	4,118,013	2,104,914	2,013,099	4,118,013	2,104,914	2,013,099	4,119,380	2,104,973	2,014,407	4,122,078	2,108,648	2,013,430
14	4,165,982	2,135,543	2,030,439	4,165,982	2,135,543	2,030,439	4,145,239	2,122,903	2,022,336	4,128,920	2,110,202	2,018,718
15	4,242,820	2,177,022	2,065,798	4,242,820	2,177,022	2,065,798	4,230,770	2,170,563	2,060,207	4,156,836	2,129,503	2,027,333
16	4,316,139	2,216,034	2,100,105	4,316,139	2,216,034	2,100,105	4,312,867	2,215,031	2,097,836	4,245,479	2,179,126	2,066,353
17	4,395,295	2,263,153	2,132,142	4,395,295	2,263,153	2,132,142	4,375,474	2,252,650	2,122,824	4,330,851	2,225,733	2,105,118
18	4,500,855	2,305,473	2,195,382	4,500,855	2,305,473	2,195,382	4,490,211	2,305,627	2,184,584	4,396,167	2,264,743	2,131,424
19	4,585,234	2,341,984	2,243,250	4,585,234	2,341,984	2,243,250	4,570,819	2,334,885	2,235,934	4,514,710	2,319,841	2,194,869
20	4,519,129	2,308,319	2,210,810	4,519,129	2,308,319	2,210,810	4,568,341	2,332,199	2,236,142	4,596,113	2,349,205	2,246,908
21	4,354,294	2,223,198	2,131,096	4,354,294	2,223,198	2,131,096	4,387,515	2,241,240	2,146,275	4,592,336	2,345,167	2,247,169
22	4,264,642	2,177,797	2,086,845	4,264,642	2,177,797	2,086,845	4,286,835	2,188,594	2,098,241	4,411,032	2,253,092	2,157,940
23	4,198,571	2,140,799	2,057,772	4,198,571	2,140,799	2,057,772	4,217,193	2,151,631	2,065,562	4,311,760	2,200,911	2,110,849
24	4,249,363	2,164,063	2,085,300	4,249,363	2,164,063	2,085,300	4,243,745	2,162,112	2,081,633	4,242,591	2,164,325	2,078,266
25	4,262,350	2,161,308	2,101,042	4,262,350	2,161,308	2,101,042	4,289,464	2,177,894	2,111,570	4,267,827	2,173,555	2,094,272
26	4,152,305	2,097,088	2,055,217	4,152,305	2,097,088	2,055,217	4,161,028	2,103,048	2,057,980	4,311,255	2,187,766	2,123,489
27	4,248,869	2,140,651	2,108,218	4,248,869	2,140,651	2,108,218	4,237,156	2,135,898	2,101,258	4,181,448	2,112,504	2,068,944
28	4,215,249	2,118,605	2,096,644	4,215,249	2,118,605	2,096,644	4,247,578	2,135,589	2,111,989	4,255,686	2,144,514	2,111,172
29	4,223,076	2,117,939	2,105,137	4,223,076	2,117,939	2,105,137	4,210,323	2,112,838	2,097,485	4,263,578	2,143,176	2,120,402
30	4,285,668	2,160,802	2,124,866	4,285,668	2,160,802	2,124,866	4,304,492	2,168,131	2,136,361	4,224,516	2,119,768	2,104,748
31	3,970,218	1,988,155	1,982,063	3,970,218	1,988,155	1,982,063	4,042,600	2,026,960	2,015,640	4,317,087	2,174,189	2,142,898
32	3,986,847	1,994,476	1,992,371	3,986,847	1,994,476	1,992,371	3,967,408	1,986,399	1,981,009	4,052,694	2,031,455	2,021,239
33	3,880,150	1,936,863	1,943,287	3,880,150	1,936,863	1,943,287	3,933,211	1,963,780	1,969,431	3,976,037	1,990,264	1,985,773
34	3,839,216	1,916,204	1,923,012	3,839,216	1,916,204	1,923,012	3,821,834	1,908,898	1,912,936	3,940,370	1,966,972	1,973,398
35	3,956,434	1,980,916	1,975,518	3,956,434	1,980,916	1,975,518	3,947,989	1,974,808	1,973,181	3,827,920	1,911,690	1,916,230
36	3,802,087	1,890,595	1,911,492	3,802,087	1,890,595	1,911,492	3,829,945	1,907,558	1,922,387	3,952,699	1,976,826	1,975,873
37	3,934,445	1,953,386	1,981,059	3,934,445	1,953,386	1,981,059	3,896,274	1,934,525	1,961,749	3,833,451	1,908,924	1,924,527
38	4,121,880	2,049,720	2,072,160	4,121,880	2,049,720	2,072,160	4,079,812	2,028,089	2,051,723	3,898,503	1,935,140	1,963,363
39	4,364,796	2,167,405	2,197,391	4,364,796	2,167,405	2,197,391	4,324,137	2,148,796	2,175,341	4,081,736	2,028,731	2,053,005
40	4,383,274	2,191,249	2,192,025	4,383,274	2,191,249	2,192,025	4,387,008	2,189,521	2,197,487	4,323,778	2,148,028	2,175,750
41	4,114,985	2,047,818	2,067,167	4,114,985	2,047,818	2,067,167	4,163,057	2,073,879	2,089,178	4,384,253	2,187,138	2,197,115
42	4,076,104	2,028,653	2,047,451	4,076,104	2,028,653	2,047,451	4,082,378	2,031,785	2,050,593	4,159,664	2,071,160	2,088,504
43	4,105,105	2,035,990	2,069,115	4,105,105	2,035,990	2,069,115	4,093,298	2,030,883	2,062,415	4,078,100	2,028,670	2,049,430
44	4,211,496	2,090,267	2,121,229	4,211,496	2,090,267	2,121,229	4,177,901	2,074,453	2,103,448	4,087,850	2,027,163	2,060,687
45	4,508,868	2,237,450	2,271,418	4,508,868	2,237,450	2,271,418	4,437,940	2,201,767	2,236,173	4,170,798	2,069,751	2,101,047
46	4,519,761	2,230,982	2,288,779	4,519,761	2,230,982	2,288,779	4,529,155	2,238,676	2,290,479	4,428,601	2,195,885	2,232,716
47	4,535,265	2,238,248	2,297,017	4,535,265	2,238,248	2,297,017	4,534,738	2,237,683	2,297,055	4,517,819	2,231,566	2,286,253
48	4,538,796	2,237,734	2,301,062	4,538,796	2,237,734	2,301,062	4,534,104	2,235,170	2,298,934	4,521,355	2,229,381	2,291,974
49	4,605,901	2,264,671	2,341,230	4,605,901	2,264,671	2,341,230	4,598,671	2,262,375	2,336,296	4,519,432	2,226,118	2,293,314
50	4,660,295	2,300,354	2,359,941	4,660,295	2,300,354	2,359,941	4,645,555	2,290,547	2,355,008	4,581,833	2,251,877	2,329,956
51	4,464,631	2,190,766	2,273,865	4,464,631	2,190,766	2,273,865	4,498,267	2,209,520	2,288,747	4,626,453	2,278,457	2,347,996
52	4,500,846	2,207,246	2,293,600	4,500,846	2,207,246	2,293,600	4,480,095	2,196,976	2,283,119	4,478,180	2,196,781	2,281,399
53	4,380,354	2,141,354	2,239,000	4,380,354	2,141,354	2,239,000	4,438,705	2,170,716	2,267,989	4,458,125	2,183,182	2,274,943
54	4,291,999	2,093,554	2,198,445	4,291,999	2,093,554	2,198,445	4,288,056	2,091,554	2,196,502	4,415,607	2,156,249	2,259,358
55	4,254,709	2,073,473	2,181,236	4,254,709	2,073,473	2,181,236	4,258,308	2,074,993	2,183,315	4,263,989	2,076,344	2,187,645
56	4,037,513	1,956,141	2,081,372	4,037,513	1,956,141	2,081,372	4,092,753	1,984,412	2,108,341	4,232,520	2,058,561	2,173,959
57	3,936,386	1,905,355	2,031,031	3,936,386	1,905,355	2,031,031	3,946,015	1,909,850	2,036,165	4,066,089	1,967,413	2,098,676
58	3,794,928	1,834,808	1,960,120	3,794,928	1,834,808	1,960,120	3,802,234	1,838,732	1,963,502	3,918,566	1,892,452	2,026,114
59	3,641,269	1,753,871	1,887,398	3,641,269	1,753,871	1,887,398	3,694,205	1,779,654	1,914,551	3,774,384	1,821,281	1,953,103
60	3,621,131	1,745,507	1,875,624	3,621,131	1,745,507	1,875,624	3,616,173	1,742,017	1,874,156	3,664,521	1,761,228	1,903,293
61	3,492,596	1,679,077	1,813,519	3,492,596	1,679,077	1,813,519	3,519,716	1,691,248	1,828,468	3,584,377	1,722,457	1,861,920
62	3,563,182	1,712,692	1,850,490	3,563,182	1,712,692	1,850,490	3,494,969	1,679,063	1,815,906	3,487,302	1,671,482	1,815,820
63	3,483,884	1,672,329	1,811,555	3,483,884	1,672,329	1,811,555	3,651,411	1,753,537	1,897,874	3,459,297	1,657,509	1,801,788
64	2,657,131	1,267,895	1,389,236	2,657,131	1,267,895	1,389,236	2,705,735	1,291,794	1,413,941	3,611,095	1,729,478	1,881,617
65	2,680,761	1,273,310	1,407,451	2,680,761	1,273,310	1,407,451	2,677,931	1,272,468	1,405,463	2,672,909	1,272,356	1,400,553
66	2,639,141	1,248,276	1,390,865	2,639,141	1,248,276	1,390,865	2,621,227	1,239,724	1,381,503	2,643,148	1,251,872	1,391,276
67	2,649,365	1,248,906	1,400,459	2,649,365	1,248,906	1,400,459	2,693,457	1,270,050	1,423,407	2,584,544	1,218,210	1,366,334
68	2,323,672	1,087,296	1,236,376	2,323,672	1,087,296	1,236,376	2,359,666	1,105,601	1,254,065	2,652,309	1,246,213	1,406,096
69	2,142,324	994,759	1,147,565	2,142,324	994,759	1,147,565	2,167,963	1,006,896	1,161,067	2,320,878	1,083,279	1,237,599
70	2,043,121	945,611	1,097,510	2,043,121	945,611	1,097,510	2,062,467	954,094	1,108,373	2,129,501	985,133	1,144,368
71	1,949,323	900,148	1,049,175	1,949,323	900,148	1,049,175	1,953,433	903,215	1,050,218	2,022,340	931,609	1,090,731
72	1,864,275	853,726	1,010,549	1,864,275	853,726	1,010,549	1,883,573	862,458	1,021,115	1,911,624	879,841	1,031,783
73	1,736,960	787,863	949,097	1,736,960	787,863	949,097	1,750,098	794,567	955,531	1,839,285	837,914	1,001,371
74	1,684,487	756,624	927,863	1,684,487	756,624	927,863	1,685,861	758,779	927,082	1,705,200	769,886	935,314
75	1,620,077	721,008	899,069	1,620,077	721,008	899,069	1,631,575	725,538	906,037	1,638,322	732,882	905,440
76	1,471,070	647,804	823,266	1,471,070	647,804	823,266	1,481,464	653,479	827,985	1,580,914	698,292	882,622
77	1,455,330	631,884	823,446	1,455,330	631,884	823,446	1,448,948	630,792	818,156	1,430,790	626,503	804,287
78	1,400,123	602,458	797,665	1,400,123	602,458	797,665	1,401,913	602,698	799,215	1,394,574	602,268	792,306
79	1,371,195	579,234	791,961	1,371,195	579,234	791,961	1,354,761	573,846	780,915	1,344,087	572,793	771,294
80	1,308,511	543,559	764,952	1,308,511	543,559	764,952	1,319,526	549,196	770,330	1,293,211	542,585	750,626
81	1,212,865	494,870	717,995	1,212,865	494,870	717,995	1,212,428	496,075	716,353	1,253,347	516,296	737,051
82	1,161,421	462,983	698,438	1,161,421	462,983	698,438	1,158,268	462,887	695,381	1,145,240	463,352	681,888
83	1,074,809	419,831	654,978	1,074,809	419,831	654,978	1,081,344	423,067	658,277	1,087,100	429,120	657,980
84	985,721	373,131	612,590	985,721	373,131	612,590	987,096	375,826	611,270	1,007,645	388,942	618,703
85	914,723	336,819	577,904	914,723	336,819	577,904	915,186	337,854	577,332	912,455	342,295	570,160
86	814,211	293,120	521,091	814,211	293,120	521,091	821,784	295,620	526,164	838,498	304,584	533,914
87	712,908	249,803	463,105	712,908	249,803	463,105	721,262	253,750	467,512	744,870	263,247	481,623
88	640,619	217,436	423,183	640,619	217,436	423,183	636,847	216,389	420,458	646,445	223,122	423,323
89	537,998	176,689	361,309	537,998	176,689	361,309	546,274	180,526	365,748	563,400	187,338	376,062
90	435,563	136,948	298,615	435,563	136,948	298,615	448,438	141,477	306,961	476,881	153,990	322,891
91	344,987	103,799	241,188	344,987	103,799	241,188	344,601	104,362	240,239	385,732	118,628	267,104
92	281,389	81,072	200,317	281,389	81,072	200,317	288,668	83,382	205,286	291,251	85,731	205,520
93	216,978	59,037	157,941	216,978	59,037	157,941	219,019	60,137	158,882	239,362	66,945	172,417
94	169,449	43,531	125,918	169,449	43,531	125,918	170,734	43,776	126,958	178,044	47,208	130,836
95	129,717	30,951	98,766	129,717	30,951	98,766	131,000	31,679	99,321	136,043	33,557	102,486
96	95,223	21,424	73,799	95,223	21,424	73,799	97,147	21,974	75,173	102,164	23,728	78,436
97	68,138	14,556	53,582	68,138	14,556	53,582	68,914	14,743	54,171	74,162	16,060	58,102
98	45,900	9,259	36,641	45,900	9,259	36,641	47,095	9,487	37,608	51,496	10,532	40,964
99	32,266	6,073	26,193	32,266	6,073	26,193	32,241	6,090	26,151	34,412	6,594	27,818
100+	53,364	9,162	44,202	53,364	9,162	44,202	55,095	9,405	45,690	61,958	10,466	51,492
 	 	 	 	 	 	 	 	 	 	 	 	 
Median age (years)	37.2	35.8	38.5	37.2	35.8	38.5	37.2	35.9	38.5	37.3	36.0	38.7

